460,198,401,267,551,114,970,375,949,55,6,474,910,670,804,821,759,63,534,766,952,120,787,183,880,243,333,775,876,923,258,785,138,869,572,739,675,971,302,594,487,104,78,389,196,764,311,806,118,759,372,360,759,35,174,357,934,802,945,140,116,200,102,144,459,82,964,258,577,116,235,112,410,997,959,708,795,720,132,111,941,402,506,791,807,136,655,485,651,187,589,926,125,405,537,508,772,198,863,226,517,3,969,759,621,354,504,968,947,543,104,222,955,725,792,852,164,272,845,656,890,872,485,1002,240,783,464,810,883,752,937,593,553,797,316,961,250,649,309,720,524,347,295,516,760,381,946,815,988,806,868,63,18,878,118,155,655,846,858,302,491,540,112,92,149,613,946,628,703,190,306,99,565,738,648,90,391,416,397,71,286,466,190,53,907,757,926,489,220,789,353,903,941,1019,598,584,1017,410,911,226,813,322,145,412,784,663,606,792,313,773,532,433,504,1009,215,470,925,1016,708,321,721,621,349,916,232,629,280,402,521,924,169,1018,528,881,396,102,247,864,1012,979,179,431,605,49,883,563,608,43,239,35,229,702,147,243,338,229,120,567,92,759,420,931,233,49,711,186,473,583,193,882,825,643,174,1003,162,444,813,334,238,202,416,36,69,461,645,541,422,529,56,445,131,749,484,628,524,84,946,555,105,137,661,991,806,10,160,357,607,701,796,765,243,825,376,453,567,736,557,134,534,729,343,327,570,636,333,336,132,693,818,566,870,916,42,407,62,582,892,290,465,326,522,358,456,355,959,333,610,91,399,129,699,341,470,272,369,1010,81,250,810,512,305,631,544,390,869,518,58,632,705,62,712,434,174,534,411,650,49,177,705,972,767,394,879,519,254,132,271,209,141,474,1016,907,247,942,76,252,654,399,141,800,594,924,1021,448,516,451,871,22,547,188,630,731,800,496,213,491,280,479,669,240,796,510,164,626,258,333,565,538,89,44,747,763,490,589,307,747,923,303,108,920,168,593,567,838,177,459,1004,308,658,64,395,1018,926,659,652,669,505,185,507,255,467,386,489,781,464,653,526,361,801,100,476,13,673,197,638,309,893,612,540,434,7,375,621,560,310,154,622,634,644,499,637,390,782,921,98,510,883,620
